9.335140994411e-02
9.934555442106e-02
2.274197776959e-01
9.223155897596e-02
1.710689091117e-01
1.190140765972e-01
7.848689820583e-02
1.684431721779e-01
4.892670853626e-01
1.408769256629e+00
1.380496880710e-01
7.429499845635e-02
8.141219381051e-02
1.279506261303e-01
6.871019986937e-02
1.743039691600e+00
6.685383866276e-01
1.495486217195e-01
1.896027028927e-01
8.937771882774e-02
8.756143146216e-02
9.616848111286e-02
6.220786079583e-01
6.071641754768e-02
1.531857000115e-01
8.798236143221e-02
1.054376505672e-01
1.261116880194e+00
9.507861171013e-02
1.054064236128e-01
6.792727437726e-02
3.314295239316e-01
6.491630308239e-02
8.038537855533e-01
6.705453940355e-02
1.551822989536e-01
4.596571567480e-01
5.731481745982e-02
1.824292365920e-01
5.107179440134e-02
6.376946946656e-02
4.561172171485e-02
3.611381475634e-01
1.006050475878e-01
1.809651102591e+00
4.557314075906e-02
4.734156901570e-02
1.313918585088e-01
2.553524591544e-01
9.702486942744e-02
4.101151862374e-02
9.227669661874e-02
4.553452083684e-02
1.399916745560e-01
