1.449100749835e+01
1.451494055048e+01
1.512690121220e+01
1.515505988626e+01
1.549266050991e+01
1.553253811981e+01
1.798854591782e+01
1.859618856348e+01
1.883467058054e+01
1.972463392640e+01
1.984869089487e+01
2.013756355169e+01
2.040907363456e+01
2.054105590551e+01
2.058622093713e+01
2.106137636842e+01
2.120920082979e+01
2.125845643521e+01
2.129145853696e+01
2.143542001240e+01
2.153956662146e+01
2.164423247626e+01
2.183529486502e+01
2.217270704441e+01
2.221050523372e+01
2.232712138179e+01
2.248402820752e+01
2.312524121317e+01
2.320836269844e+01
2.416664092151e+01
2.471922499949e+01
2.518412234139e+01
2.619382576201e+01
2.695659435591e+01
2.705184541839e+01
2.738313278114e+01
2.773774479033e+01
2.829190167554e+01
2.876847079038e+01
2.973181622888e+01
3.034420706422e+01
3.065495908768e+01
3.142674946762e+01
3.196146326150e+01
3.338325331473e+01
3.392240305975e+01
3.694066695324e+01
3.732436046096e+01
4.001756577781e+01
4.345400015736e+01
4.380905007217e+01
4.972918912362e+01
4.986573288750e+01
5.310776307195e+01
